char51.png 0 0 32 35
char0.png 33 0 32 32
char1.png 66 0 32 32
char10.png 99 0 32 32
char11.png 132 0 32 32
char12.png 165 0 32 32
char13.png 198 0 32 32
char14.png 231 0 32 32
char15.png 0 36 32 32
char16.png 33 36 32 32
char17.png 66 36 32 32
char18.png 99 36 32 32
char19.png 132 36 32 32
char2.png 165 36 32 32
char20.png 198 36 32 32
char21.png 231 36 32 32
char22.png 0 69 32 32
char23.png 33 69 32 32
char24.png 66 69 32 32
char25.png 99 69 32 32
char26.png 132 69 32 32
char27.png 165 69 32 32
char28.png 198 69 32 32
char29.png 231 69 32 32
char3.png 0 102 32 32
char30.png 33 102 32 32
char31.png 66 102 32 32
char32.png 99 102 32 32
char33.png 132 102 32 32
char34.png 165 102 32 32
char35.png 198 102 32 32
char36.png 231 102 32 32
char37.png 0 135 32 32
char38.png 33 135 32 32
char39.png 66 135 32 32
char4.png 99 135 32 32
char40.png 132 135 32 32
char41.png 165 135 32 32
char42.png 198 135 32 32
char43.png 231 135 32 32
char44.png 0 168 32 32
char45.png 33 168 32 32
char46.png 66 168 32 32
char47.png 99 168 32 32
char48.png 132 168 32 32
char49.png 165 168 32 32
char5.png 198 168 32 32
char50.png 231 168 32 32
char52.png 0 201 32 32
char53.png 33 201 32 32
char54.png 66 201 32 32
char55.png 99 201 32 32
char56.png 132 201 32 32
char57.png 165 201 32 32
char58.png 198 201 32 32
char59.png 231 201 32 32
char6.png 0 234 32 32
char60.png 33 234 32 32
char7.png 66 234 32 32
char8.png 99 234 32 32
char9.png 132 234 32 32
